93 233
93 228
93 226
93 223
93 222
93 220
93 219
93 218
93 216
93 214
93 212
93 209
93 205
93 200
93 198
93 195
93 192
93 190
94 188
94 185
94 183
94 181
94 179
94 177
94 176
94 174
94 173
94 172
93 170
93 168
93 166
93 164
93 162
92 160
92 159
91 158
91 156
91 155
91 154
91 152
91 151
90 150
90 149
90 148
89 147
89 146
89 145
89 144
88 143
87 142
87 140
86 140
88 140
91 139
93 138
96 138
99 138
103 138
105 137
108 137
110 137
112 137
113 136
115 136
116 136
117 136
118 136
119 136
121 136
123 136
125 137
127 138
131 139
133 140
134 140
135 140
137 141
138 142
139 143
140 144
141 146
141 148
141 152
142 155
142 158
142 161
142 164
142 166
142 168
142 170
141 172
141 174
139 175
139 176
139 177
138 178
137 178
137 180
136 180
135 181
134 182
133 183
132 184
131 184
130 186
128 186
126 188
124 189
121 190
120 190
119 190
117 190
116 192
115 192
114 192
113 192
112 192
112 191
112 190
114 190
117 188
119 187
123 186
125 186
126 186
127 186
129 186
130 186
131 186
133 186
134 186
136 187
139 188
141 190
142 191
144 192
146 194
147 196
148 197
149 198
150 200
150 201
151 202
151 204
151 206
152 207
152 208
152 210
152 212
152 214
152 215
152 216
152 217
152 218
152 219
152 220
151 220
151 221
151 222
149 222
149 224
147 225
145 226
141 228
138 230
135 232
132 233
130 234
128 234
125 236
123 236
122 236
121 236
119 237
118 237
117 237
115 237
113 237
111 237
110 237
109 237
108 236
107 236
105 236
103 236
102 235
100 234
97 233
186 213
189 213
191 213
193 212
195 212
197 211
199 210
199 209
200 209
201 208
201 207
201 206
202 205
202 204
202 203
203 201
203 199
204 196
205 193
205 189
205 188
205 186
205 184
205 183
205 182
205 180
205 178
205 177
205 176
204 175
203 174
203 172
202 171
201 170
201 169
201 168
200 168
199 168
197 168
196 168
195 168
193 168
191 168
188 168
187 169
186 169
185 170
184 170
183 171
183 172
182 172
181 174
180 176
179 177
178 179
177 180
176 181
176 182
176 183
175 184
175 185
175 186
175 187
175 188
175 190
175 191
175 193
176 196
177 197
177 200
178 202
179 204
179 206
180 208
181 210
181 212
182 213
183 214
183 215
184 216
185 217
185 218
186 219
186 220
187 221
188 222
189 223
190 224
191 224
192 225
192 226
193 226
194 226
195 227
195 228
196 228
197 228
198 228
199 229
201 229
203 229
203 230
205 230
206 230
207 230
208 230
209 230
234 182
234 187
234 191
234 194
234 196
234 198
234 200
235 201
235 203
236 204
236 205
236 206
236 208
237 209
238 211
239 214
240 217
241 219
241 221
241 222
242 224
243 224
243 225
243 226
244 226
245 226
246 227
247 228
248 228
249 228
251 228
252 228
253 228
254 228
255 228
256 227
257 226
257 225
258 224
259 222
259 221
260 220
260 219
261 218
261 216
261 215
261 213
261 212
261 210
261 208
262 206
262 205
262 204
262 202
263 201
263 200
263 198
263 196
263 194
263 193
264 192
264 190
264 188
265 186
265 183
265 181
265 179
265 177
265 176
265 175
265 174
265 173
265 174
265 175
265 176
265 178
265 180
265 182
265 186
265 191
265 196
265 200
265 203
265 206
265 208
265 210
265 212
265 213
265 214
265 216
265 218
265 220
265 224
266 227
266 230
266 232
266 234
266 236
266 238
266 239
266 241
265 242
265 244
265 245
265 246
264 248
263 250
263 253
263 254
262 257
261 258
261 260
261 261
260 262
259 264
259 266
257 267
257 268
255 270
252 271
251 273
249 274
246 276
244 276
241 277
239 278
236 280
233 280
231 280
229 280
227 280
225 281
224 282
222 282
220 282
218 281
215 281
213 280
211 280
209 280
208 278
207 278